Expiry,callHedge,putHedge,netHedge
2020-02-15,1192886.2481505505,-2875143.166767391,-1682256.91861684
2020-02-22,4852363.617852422,-2445001.237465789,2407362.3803866385
2020-02-29,997668.2624146682,-700271.5620705149,297396.700344153
2020-03-07,242524.32826460368,-404735.39877386787,-162211.07050926422
2020-03-14,63307.045849735005,-167875.32870716948,-104568.2828574345
2020-03-21,7575549.231179612,-2182731.94434128,5392817.286838339
2020-03-28,13455.577019980301,-15138.432757346225,-1682.855737365921
2020-04-18,1304893.4428828917,-726900.4571449466,577992.9857379454
2020-05-16,1744267.6118091256,-842812.7394270384,901454.8723820868
2020-06-16,0.0,-34.04832089609368,-34.04832089609368
2020-06-20,4731979.887729185,-1862553.9313324743,2869425.956396705
2020-07-18,642889.8125388396,-356061.1281924553,286828.68434638425
2020-08-22,357773.42553865176,-258144.6517361254,99628.77380252638
2020-09-19,1060107.1565306303,-487049.21213353926,573057.9443970908
2020-10-17,348786.8335563618,-272459.9383478262,76326.89520853524
2021-01-16,8836092.899719413,-2228687.548610866,6607405.351108552
2021-03-20,797523.9359713315,-201973.46214430121,595550.4738270309
2021-06-19,2302189.6587520787,-266008.5728795343,2036181.0858725454
2021-09-18,296181.0192655877,-37144.292019105465,259036.7272464823
2022-01-19,7666.095147020917,-1772.908607610092,5893.1865394108245
2022-01-22,2797221.2417333648,-452115.9532743602,2345105.288459006
2022-03-19,7191.986066396212,-14810.511710613775,-7618.525644217569
2022-06-18,1956445.4805018778,-317308.7681245063,1639136.7123773708
