Expiry,callHedge,putHedge,netHedge
2020-02-15,2471341.7624744447,-1389711.264611075,1081630.4978633719
2020-02-22,6473894.147711691,-1263964.0593712027,5209930.088340484
2020-02-29,1272829.8138541514,-386510.51493774756,886319.2989164033
2020-03-07,387716.5205141096,-253276.45631941207,134440.06419469768
2020-03-14,106611.91851860427,-111364.25556304838,-4752.337044444143
2020-03-21,8536522.053153247,-1282035.319338813,7254486.733814431
2020-03-28,22566.230599091163,-9489.654795428896,13076.575803662265
2020-04-18,1605163.9409605176,-482503.79618594993,1122660.1447745687
2020-05-16,2053501.719567582,-578929.3101179319,1474572.409449651
2020-06-16,0.0,-16.392902379390673,-16.392902379390673
2020-06-20,5260595.463649685,-1358032.3660352349,3902563.097614451
2020-07-18,760902.9706128428,-261244.62430780224,499658.3463050407
2020-08-22,418533.75832987466,-196849.01238336464,221684.74594650988
2020-09-19,1165514.8151853317,-374911.2680415386,790603.5471437933
2020-10-17,400039.07034531963,-222124.43729377774,177914.63305154204
2021-01-16,9355082.76015894,-1729253.6875742353,7625829.07258471
2021-03-20,853937.1327490696,-162869.17584484126,691067.956904228
2021-06-19,2407996.798659877,-216489.39583042785,2191507.40282945
2021-09-18,308928.97332085547,-31397.529993366665,277531.44332748884
2022-01-19,8018.255093464245,-1477.4080351605899,6540.847058303655
2022-01-22,2934415.7613122337,-376827.98549238034,2557587.775819853
2022-03-19,7879.923495193278,-13488.04132946706,-5608.117834273782
2022-06-18,2062203.3562548584,-273490.0867539373,1788713.2695009212
