Expiry,callHedge,putHedge,netHedge
2020-02-15,4217325.987845561,-585382.1581692842,3631943.829676276
2020-02-22,8009743.14471695,-646615.3315817592,7363127.813135202
2020-02-29,1527102.593711769,-203576.8152342983,1323525.7784774709
2020-03-07,540820.1040522039,-151925.53275397286,388894.5712982313
2020-03-14,153526.2634328873,-73911.14165013406,79615.12178275331
2020-03-21,9329567.414378455,-748129.5676425641,8581437.846735891
2020-03-28,31669.92235976199,-5606.089822557334,26063.832537204657
2020-04-18,1869912.2324584546,-319814.21398540726,1550098.0184730461
2020-05-16,2305281.5132318246,-399092.01366124436,1906189.49957058
2020-06-16,0.0,-8.148115108476732,-8.148115108476732
2020-06-20,5676789.065098676,-1003548.5398877244,4673240.525210953
2020-07-18,860819.9654565947,-194149.51146480048,666670.453991795
2020-08-22,470498.10684643994,-152727.87628309568,317770.2305633441
2020-09-19,1249436.3428774842,-292642.9534509302,956793.3894265533
2020-10-17,444191.8197163719,-183202.42454564275,260989.3951707293
2021-01-16,9759827.84514805,-1364997.9248703762,8394829.920277672
2021-03-20,899143.2433982485,-133442.8315345144,765700.4118637342
2021-06-19,2490831.162374887,-178821.12534376082,2312010.037031126
2021-09-18,319253.7887304209,-26912.987948569767,292340.8007818513
2022-01-19,8298.211300055938,-1247.6928236450563,7050.518476410882
2022-01-22,3046037.3036013735,-318742.53271785437,2727294.7708835187
2022-03-19,8479.094653018037,-12344.863191510083,-3865.7685384920474
2022-06-18,2149550.1564935935,-238430.4222881325,1911119.7342054613
